Connecting to MongoLab
Connected!

user counts
177
184
186
210
222
236
242
244
249
254
255
256
256
256
257
257
259
261
265
267
269
270
272
277
281
291
292
292
292
293
297
299
301
301
301
301
301
302
305
305
305
305
306
306
306
306
312
313
313
313
316
320
323
324
326
326
327
327
327

category counts
101
122
123
143
149
156
167
169
170
221
230
233
234
235
241
241
242
242
245
245
245
248
248
248
254
254
254
254
254
254
254
254
254
254
254
254
254
255
255
255
255
255
256
256
256
256
256
256
256
256
259
259
259
259
261
261
261
261
261

transaction counts
83
81
231
161
115
109
111
97
153
86
153
432
142
59
127
99
485
94
100
23
46
65
63
134
124
205
202
203
70
141
57
63
11
1
11
12
18
76
32
12
14
45
123
47
153
41
18
4
24
16
38
32
4
13
1
10
10
16
9

transaction creators per day
23
14
23
28
28
25
23
19
28
18
22
19
11
9
20
16
16
21
13
7
11
13
14
17
16
19
24
21
15
13
16
9
6
1
6
4
4
9
11
5
4
6
19
7
27
14
7
4
7
6
8
11
3
5
1
3
3
9
3

transaction receivers per day
36
33
44
45
41
43
31
23
39
19
30
36
20
18
26
27
21
29
22
13
14
22
17
29
28
30
44
28
16
16
22
27
6
1
6
6
7
15
13
7
8
14
49
28
56
24
13
2
12
10
22
11
2
8
1
5
5
10
7

categories with transactions per day
40
32
59
55
45
43
43
39
45
37
38
46
25
26
27
28
27
35
31
16
16
21
13
44
30
41
58
38
16
27
29
24
8
1
6
7
10
24
16
7
6
24
56
11
48
24
11
2
16
9
18
16
2
9
1
4
4
10
8

Users with expert categories per day
80
87
88
103
105
115
116
118
120
124
124
126
126
126
126
126
127
128
129
130
130
130
132
133
134
136
136
136
136
136
136
137
137
137
137
137
137
137
137
137
137
137
138
138
138
139
141
141
141
141
142
143
144
144
145
145
145
145
145

Users with investments per day
75
80
80
77
79
84
86
88
92
94
94
95
97
97
97
97
98
100
101
103
103
103
104
105
106
108
110
110
110
110
110
111
111
111
111
111
111
111
113
113
113
113
114
114
114
24
30
31
31
32
34
35
37
37
37
37
37
37
41

Percent of users with no activity per day
0.536723163842
0.554347826087
0.55376344086
0.528571428571
0.504504504505
0.521186440678
0.51652892562
0.516393442623
0.518072289157
0.51968503937
0.517647058824
0.5234375
0.5234375
0.5234375
0.52140077821
0.52140077821
0.521235521236
0.521072796935
0.516981132075
0.520599250936
0.516728624535
0.514814814815
0.518382352941
0.512635379061
0.508896797153
0.498281786942
0.5
0.5
0.5
0.498293515358
0.491582491582
0.494983277592
0.491694352159
0.491694352159
0.491694352159
0.491694352159
0.491694352159
0.490066225166
0.491803278689
0.491803278689
0.491803278689
0.491803278689
0.493464052288
0.493464052288
0.493464052288
0.454248366013
0.451923076923
0.450479233227
0.450479233227
0.450479233227
0.449367088608
0.446875
0.445820433437
0.444444444444
0.444785276074
0.444785276074
0.443425076453
0.443425076453
0.443425076453

Users with content links
36

Users with location
33
